0 0	4.7964
1 0	2.4912
2 0	1.8644
3 0	1.6092
4 0	1.4864
5 0	1.4059
6 0	1.3444
7 0	1.2893
8 0	1.2798
9 0	1.2545
10 0	1.2480
11 0	1.2394
12 0	1.2138
13 0	1.1984
14 0	1.1830
15 0	1.1809
16 0	1.1710
17 0	1.1726
18 0	1.1777
19 0	1.1549
20 0	1.1488
21 0	1.1355
22 0	1.1277
23 0	1.1343
24 0	1.1236
25 0	1.1052
26 0	1.1336
27 0	1.1388
28 0	1.1301
29 0	1.1299
30 0	1.1180
31 0	1.1221
32 0	1.1355
33 0	1.1443
34 0	1.1197
35 0	1.1289
36 0	1.1241
37 0	1.0989
38 0	1.1085
39 0	1.0975
40 0	1.1180
41 0	1.0910
42 0	1.1285
43 0	1.1099
44 0	1.1056
45 0	1.1000
46 0	1.1229
47 0	1.1053
48 0	1.1187
49 0	1.1086
50 0	1.1158
51 0	1.1089
52 0	1.1218
53 0	1.1065
54 0	1.1226
55 0	1.1310
56 0	1.1471
57 0	1.1469
58 0	1.1470
59 0	1.1375
60 0	1.1219
61 0	1.1357
62 0	1.1192
63 0	1.1310
64 0	1.1243
65 0	1.1705
66 0	1.1246
67 0	1.1150
68 0	1.1330
69 0	1.1475
70 0	1.1781
71 0	1.1422
72 0	1.1374
73 0	1.1480
74 0	1.1829
75 0	1.1547
76 0	1.1949
77 0	1.1764
78 0	1.1941
79 0	1.1841
80 0	1.1820
81 0	1.1857
82 0	1.1750
83 0	1.1948
84 0	1.1926
85 0	1.2038
86 0	1.1793
87 0	1.2048
88 0	1.2051
89 0	1.2356
90 0	1.2330
91 0	1.2409
92 0	1.2347
93 0	1.2335
94 0	1.2478
95 0	1.2408
96 0	1.2328
97 0	1.2396
98 0	1.2454
99 0	1.2550
100 0	1.2519
101 0	1.2815
102 0	1.3534
103 0	1.2972
104 0	1.3623
105 0	1.4626
106 0	1.3894
107 0	1.3827
108 0	1.3477
109 0	1.3322
110 0	1.3076
111 0	1.3358
112 0	1.3080
113 0	1.3415
114 0	1.3096
115 0	1.3259
116 0	1.3507
117 0	1.3446
118 0	1.3361
119 0	1.3215
120 0	1.3389
121 0	1.4560
122 0	1.4112
123 0	1.4312
124 0	1.3953
125 0	1.4070
126 0	2.8331
127 0	2.4702
128 0	2.3696
129 0	2.2986
130 0	2.2298
131 0	2.1909
132 0	2.1483
133 0	2.1281
134 0	2.1017
135 0	2.0944
136 0	2.0733
137 0	2.0490
138 0	2.0342
139 0	2.0223
140 0	2.0187
141 0	1.9951
142 0	1.9827
143 0	1.9751
144 0	1.9417
145 0	1.9607
146 0	1.9339
147 0	1.9248
148 0	1.9235
149 0	1.9293
150 0	1.9154
151 0	1.9152
152 0	1.8962
153 0	1.8922
154 0	1.8737
155 0	1.8802
156 0	1.8896
157 0	1.8768
158 0	1.8514
159 0	1.8403
160 0	1.8549
161 0	1.8749
162 0	1.8579
163 0	1.8621
164 0	1.8644
165 0	1.8221
166 0	1.8271
167 0	1.8255
168 0	1.8045
169 0	1.8144
170 0	1.8091
171 0	1.7736
172 0	1.7656
173 0	1.7785
174 0	1.7760
175 0	1.7531
176 0	1.7825
177 0	1.7749
178 0	1.7710
179 0	1.7907
180 0	1.7300
181 0	1.7274
182 0	1.7331
183 0	1.7196
184 0	1.7228
185 0	1.7064
186 0	1.7284
187 0	1.7666
188 0	1.7472
189 0	1.7314
190 0	1.7101
191 0	1.6982
192 0	1.6947
193 0	1.8600
194 0	1.7542
195 0	1.7437
196 0	1.7174
197 0	1.6915
198 0	1.7270
199 0	1.6950
200 0	1.6825
201 0	1.6924
202 0	1.6823
203 0	1.6779
204 0	1.6911
205 0	1.6857
206 0	1.7454
207 0	1.6849
208 0	1.6959
209 0	1.6735
210 0	1.6813
211 0	1.6760
212 0	1.6682
213 0	1.6392
214 0	1.6357
215 0	1.6388
216 0	1.6311
217 0	1.6309
218 0	1.6321
219 0	1.6130
220 0	1.6425
221 0	1.6003
222 0	1.6019
223 0	1.6093
224 0	1.5967
225 0	1.6021
226 0	1.5850
227 0	1.5826
228 0	1.5745
229 0	1.5884
230 0	1.5816
231 0	1.5838
232 0	1.5673
233 0	1.5888
234 0	1.6088
235 0	1.6314
236 0	1.5804
237 0	1.5755
238 0	1.5555
239 0	1.5486
240 0	1.5887
241 0	1.5558
242 0	1.5379
243 0	1.5628
244 0	1.5307
245 0	1.5557
246 0	1.5494
247 0	1.5224
248 0	1.5356
249 0	1.5434
250 0	1.5485
251 0	1.5379
252 0	1.5463
253 0	1.5345
254 0	1.5310
255 0	1.5881
256 0	1.5613
257 0	1.5592
258 0	1.5535
259 0	1.5166
260 0	1.5003
261 0	1.5086
262 0	1.5192
263 0	1.5304
264 0	1.5366
265 0	1.5935
266 0	1.5564
267 0	1.5208
268 0	1.5391
269 0	1.5172
270 0	1.5228
271 0	1.5384
272 0	1.5903
273 0	1.5381
274 0	1.5122
275 0	1.4891
276 0	1.5746
277 0	1.5479
278 0	1.5058
279 0	1.4995
280 0	1.6320
281 0	1.5953
282 0	1.5455
283 0	1.5358
284 0	1.5147
285 0	1.5163
286 0	1.4921
287 0	1.4894
288 0	1.5121
289 0	1.4972
290 0	1.4904
291 0	1.5063
292 0	1.4819
293 0	1.4788
294 0	1.6148
295 0	1.4867
296 0	1.4918
297 0	1.4676
298 0	1.4717
299 0	1.4747
300 0	1.4598
301 0	1.4750
302 0	1.4500
303 0	1.4377
304 0	1.4675
305 0	1.4761
306 0	1.4416
307 0	1.4280
308 0	1.4348
309 0	1.4456
310 0	1.4130
311 0	1.4275
312 0	1.4446
313 0	2.8777
314 0	2.4554
315 0	2.3353
316 0	2.2463
317 0	2.1827
318 0	2.1306
319 0	2.0905
320 0	2.0485
321 0	2.0264
322 0	2.0162
323 0	1.9886
324 0	1.9609
325 0	1.9627
326 0	1.9372
327 0	1.9304
328 0	1.9144
329 0	1.8995
330 0	1.9038
331 0	1.8909
332 0	1.8767
333 0	1.8629
334 0	1.8620
335 0	1.8439
336 0	1.8414
337 0	1.8235
338 0	1.8086
339 0	1.8159
340 0	1.8181
341 0	1.7956
342 0	1.8203
343 0	1.8099
344 0	1.7979
345 0	1.7797
346 0	1.7996
347 0	1.7776
348 0	1.7859
349 0	1.7739
350 0	1.7576
351 0	1.7905
352 0	1.7510
353 0	1.7316
354 0	1.7341
355 0	1.7406
356 0	1.7643
357 0	1.7465
358 0	1.8544
359 0	1.7616
360 0	1.7685
361 0	1.7454
362 0	1.7212
363 0	1.7458
364 0	1.7281
365 0	1.7268
366 0	1.7155
367 0	1.7071
368 0	1.7118
369 0	1.7117
370 0	1.7314
371 0	1.7159
372 0	1.7026
373 0	1.6991
374 0	1.7350
375 0	1.7075
376 0	1.7053
377 0	1.7058
378 0	1.7060
379 0	1.6931
380 0	1.6729
381 0	1.6764
382 0	1.6769
383 0	1.6928
384 0	1.6760
385 0	1.6790
386 0	1.6727
387 0	1.6918
388 0	1.6705
389 0	1.6686
390 0	1.6800
391 0	1.6537
392 0	1.6569
393 0	1.6518
394 0	1.6539
395 0	1.6495
396 0	1.6380
397 0	1.6681
398 0	1.6639
399 0	1.6597
400 0	1.6719
401 0	1.6674
402 0	1.6616
403 0	1.6579
404 0	1.6961
405 0	1.6908
406 0	1.6760
407 0	1.6414
408 0	1.6433
409 0	1.6487
410 0	1.6428
411 0	1.6533
412 0	1.6572
413 0	1.6721
414 0	1.6613
415 0	1.7567
416 0	1.6561
417 0	1.6219
418 0	1.6302
419 0	1.6306
420 0	1.6197
421 0	1.6207
422 0	1.6163
423 0	1.6057
424 0	1.6054
425 0	1.6045
426 0	1.6069
427 0	1.6007
428 0	1.6074
429 0	1.5993
430 0	1.5986
431 0	1.5905
432 0	1.6481
433 0	1.5856
434 0	1.6296
435 0	1.5928
436 0	1.6071
437 0	1.6093
438 0	1.5879
439 0	1.5923
440 0	1.5899
441 0	1.5759
442 0	1.5882
443 0	1.5775
444 0	1.5790
445 0	1.5801
446 0	1.5915
447 0	1.5810
448 0	1.6004
449 0	1.5777
450 0	1.5754
451 0	1.6030
452 0	1.5697
453 0	1.5674
454 0	1.5889
455 0	1.5632
456 0	1.5729
457 0	1.6013
458 0	1.5856
459 0	1.5678
460 0	1.5901
461 0	1.5678
462 0	1.5549
463 0	1.6054
464 0	1.5755
465 0	1.5647
466 0	1.5784
467 0	1.5893
468 0	1.5528
469 0	1.5728
470 0	1.5554
471 0	1.5522
472 0	1.5813
473 0	1.5958
474 0	1.6012
475 0	1.5593
476 0	1.5550
477 0	1.5665
478 0	1.5753
479 0	1.5847
480 0	1.6260
481 0	1.5884
482 0	1.5945
483 0	1.5633
484 0	1.5596
485 0	1.5912
486 0	1.5549
487 0	1.5514
488 0	1.5575
489 0	1.5588
490 0	1.5602
491 0	1.5615
492 0	1.5880
493 0	1.5819
494 0	1.5756
495 0	1.6079
496 0	1.5583
497 0	1.6134
498 0	1.5852
499 0	1.5629
500 0	1.5496
501 0	1.5766
502 0	1.5641
503 0	1.5511
504 0	1.5420
505 0	1.5580
506 0	1.5875
507 0	1.5410
508 0	1.5598
509 0	1.5505
510 0	1.5453
511 0	1.5286
512 0	1.5519
513 0	1.5439
514 0	1.5492
515 0	1.5374
516 0	1.5517
517 0	1.5431
518 0	1.5318
519 0	1.5290
520 0	1.5284
521 0	1.5285
522 0	1.5446
523 0	1.5236
524 0	1.5398
525 0	1.5256
526 0	1.5118
527 0	1.5415
528 0	1.5790
529 0	1.5659
530 0	1.5279
531 0	1.5292
532 0	1.5362
533 0	1.5201
534 0	1.5362
535 0	1.5223
536 0	1.5250
537 0	1.5081
538 0	1.5388
539 0	1.5305
540 0	1.5222
541 0	1.5244
542 0	1.5415
543 0	1.5539
544 0	1.5143
545 0	1.5141
546 0	1.5221
547 0	1.5090
548 0	1.5300
549 0	1.5346
550 0	1.5370
551 0	1.5172
552 0	1.4995
553 0	1.5195
554 0	1.5166
555 0	1.5271
556 0	1.5191
557 0	1.5481
558 0	1.5327
559 0	1.5247
560 0	1.5342
561 0	1.5640
562 0	1.7708
563 0	1.5617
564 0	1.5550
565 0	1.5176
566 0	1.5199
567 0	1.5209
568 0	1.5126
569 0	1.5008
570 0	1.4925
571 0	1.4874
572 0	1.4900
573 0	1.4845
574 0	1.5004
575 0	1.4948
576 0	1.5083
577 0	1.5111
578 0	1.5091
579 0	1.5213
580 0	1.5007
581 0	1.5144
582 0	1.5190
583 0	1.4987
584 0	1.4866
585 0	1.5190
586 0	1.4914
587 0	1.5049
588 0	1.5489
589 0	1.5247
590 0	1.5205
591 0	1.5003
592 0	1.5029
593 0	1.5222
594 0	1.5182
595 0	1.5023
596 0	1.5054
597 0	1.5145
598 0	1.5212
599 0	1.5316
600 0	1.5292
601 0	1.5037
602 0	1.5580
603 0	1.5416
604 0	1.5200
605 0	1.5361
606 0	1.5405
607 0	1.5183
608 0	1.4952
609 0	1.5145
610 0	1.5124
611 0	1.4923
612 0	1.4823
613 0	1.4773
614 0	1.4856
615 0	1.5083
616 0	1.4986
617 0	1.4705
618 0	1.4789
619 0	1.4864
620 0	1.4611
621 0	1.4748
622 0	1.4887
623 0	1.5238
624 0	1.4954
625 0	1.5013
626 0	1.5049
627 0	1.5518
628 0	1.5008
629 0	1.5148
630 0	1.4831
631 0	1.4651
632 0	1.5057
633 0	1.4851
634 0	1.4811
635 0	1.4765
636 0	1.4971
637 0	1.4824
638 0	1.4836
639 0	1.4881
640 0	1.4599
641 0	1.4625
642 0	1.4690
643 0	1.5127
644 0	1.4674
645 0	1.7000
646 0	1.5067
647 0	1.5063
648 0	1.4857
649 0	1.4757
650 0	1.4961
651 0	1.4972
652 0	1.4923
653 0	1.5083
654 0	1.4749
655 0	1.4795
656 0	1.5096
657 0	1.5056
658 0	1.4684
659 0	1.4763
660 0	1.4739
661 0	1.4713
662 0	1.5260
663 0	1.5010
664 0	1.4725
665 0	1.4537
666 0	1.4703
667 0	1.4867
668 0	1.4689
669 0	1.6182
670 0	1.5007
671 0	1.7616
672 0	1.5326
673 0	1.4979
674 0	1.4892
675 0	1.4992
676 0	1.4855
677 0	1.5117
678 0	1.4743
679 0	1.4963
680 0	1.4784
681 0	1.5725
682 0	1.5209
683 0	1.5893
684 0	1.5309
685 0	1.5013
686 0	1.4856
687 0	1.4878
688 0	1.4791
689 0	1.4925
690 0	1.5059
691 0	1.4926
692 0	1.4860
693 0	1.5072
694 0	1.4856
695 0	1.4653
696 0	1.4585
697 0	1.4745
698 0	1.4937
699 0	1.4636
700 0	1.4559
701 0	1.4655
702 0	1.4747
703 0	1.4934
704 0	1.5367
705 0	1.4740
706 0	1.5533
707 0	2.1173
708 0	1.9369
709 0	1.8303
710 0	1.7941
711 0	1.8641
712 0	1.7736
713 0	1.7341
714 0	1.7227
715 0	1.7079
716 0	1.7162
717 0	1.6879
718 0	1.6913
719 0	1.6952
720 0	1.6778
721 0	1.6834
722 0	1.6678
723 0	1.6833
724 0	1.6602
725 0	1.6773
726 0	1.6585
727 0	1.6558
728 0	1.6508
729 0	1.6408
730 0	1.6464
731 0	1.6525
732 0	1.6418
733 0	1.6356
734 0	1.6457
735 0	1.6311
736 0	1.6386
737 0	1.6487
738 0	1.6591
739 0	1.6291
740 0	1.6251
741 0	1.6266
742 0	1.6137
743 0	1.6261
744 0	1.6254
745 0	1.5960
746 0	1.5993
747 0	1.6370
748 0	1.6188
749 0	1.6228
750 0	1.6466
751 0	1.5952
752 0	1.5688
753 0	1.5912
754 0	1.6124
755 0	1.5986
756 0	1.6075
757 0	1.5931
758 0	1.5989
759 0	1.7273
760 0	1.5835
761 0	1.5604
762 0	1.5626
763 0	1.5689
764 0	1.5634
765 0	1.6046
766 0	1.5920
767 0	1.5630
768 0	1.7189
769 0	1.6196
770 0	1.5722
771 0	1.5736
772 0	1.6842
773 0	1.5879
774 0	1.5721
775 0	1.5532
776 0	1.5436
777 0	1.5488
778 0	1.5465
779 0	1.5628
780 0	1.5403
781 0	1.5407
782 0	1.5405
783 0	1.5687
784 0	1.5466
785 0	1.5372
786 0	1.5585
787 0	1.7773
788 0	1.6132
789 0	1.5851
790 0	1.5722
791 0	1.5654
792 0	1.5477
793 0	1.5510
794 0	1.5524
795 0	1.5382
796 0	1.5483
797 0	1.5498
798 0	1.5381
799 0	1.5514
800 0	1.5501
801 0	1.5470
802 0	1.5255
803 0	1.5160
804 0	1.5309
805 0	1.5424
806 0	1.5746
807 0	1.5405
808 0	1.5226
809 0	1.5679
810 0	1.5205
811 0	1.5471
812 0	1.5277
813 0	1.5157
814 0	1.5129
815 0	1.5464
816 0	1.5173
817 0	1.5160
818 0	1.5584
819 0	1.5374
820 0	1.5335
821 0	1.5060
822 0	1.5079
823 0	1.6177
824 0	1.5600
825 0	1.5174
826 0	1.5428
827 0	1.5228
828 0	1.5307
829 0	1.5249
830 0	1.5400
831 0	1.5165
832 0	1.5354
833 0	1.5331
834 0	1.5234
835 0	1.4978
836 0	1.5063
837 0	1.5211
838 0	1.5069
839 0	1.4896
840 0	1.4980
841 0	1.5916
842 0	1.5100
843 0	1.5688
844 0	1.5040
845 0	1.5087
846 0	1.5180
847 0	1.5282
848 0	1.5053
849 0	1.4883
850 0	1.5308
851 0	1.5213
852 0	1.5019
853 0	1.5033
854 0	1.5126
855 0	1.4967
856 0	1.5216
857 0	1.5098
858 0	1.5010
859 0	1.5090
860 0	1.4974
861 0	1.4824
862 0	1.5108
863 0	1.4926
864 0	1.4954
865 0	1.5286
866 0	1.5238
867 0	1.4963
868 0	1.4932
869 0	1.5222
870 0	1.5125
871 0	1.4889
872 0	1.4849
873 0	1.4790
874 0	1.4720
875 0	1.4816
876 0	1.4896
877 0	1.4840
878 0	1.6195
879 0	1.5374
880 0	1.5149
881 0	1.5839
882 0	1.5272
883 0	1.4897
884 0	1.5289
885 0	1.5233
886 0	1.5011
887 0	1.5057
888 0	1.5002
889 0	1.5039
890 0	1.4930
891 0	1.4978
892 0	1.4733
893 0	1.4956
894 0	1.4847
895 0	1.4764
896 0	1.5565
897 0	1.4927
898 0	1.4700
899 0	1.4754
900 0	1.4846
901 0	1.4883
902 0	1.4823
903 0	1.4613
904 0	1.5712
905 0	1.5204
906 0	1.4897
907 0	1.5095
908 0	1.4865
909 0	1.4713
910 0	1.5130
911 0	1.4747
912 0	1.5141
913 0	1.5094
914 0	1.4792
915 0	1.4921
916 0	1.4735
917 0	1.4600
918 0	1.4977
919 0	1.4673
920 0	1.4837
921 0	1.4709
922 0	1.4690
923 0	1.4832
924 0	1.4627
925 0	1.4570
926 0	1.4772
927 0	1.5118
928 0	1.4863
929 0	1.5108
930 0	1.5031
931 0	1.4819
932 0	1.4898
933 0	1.4815
934 0	1.4780
935 0	1.4812
936 0	1.4663
937 0	1.4562
938 0	1.4722
939 0	1.4799
940 0	1.4818
941 0	1.4776
942 0	1.5452
943 0	1.4783
944 0	1.4681
945 0	1.4621
946 0	1.4827
947 0	1.4673
948 0	1.4812
949 0	1.4691
950 0	1.4946
951 0	1.4689
952 0	1.4699
953 0	1.4602
954 0	1.4854
955 0	1.4692
956 0	1.4719
957 0	1.4769
958 0	1.4876
959 0	1.4718
960 0	1.5939
961 0	1.4910
962 0	1.5033
963 0	1.4746
964 0	1.4965
965 0	1.4602
966 0	1.4622
967 0	1.4491
968 0	1.4498
969 0	1.4628
970 0	1.4497
971 0	1.4769
972 0	1.4603
973 0	1.4777
974 0	1.4800
975 0	1.4694
976 0	1.4574
977 0	1.4565
978 0	1.4558
979 0	1.4624
980 0	1.4979
981 0	1.6473
982 0	1.5826
983 0	1.5549
984 0	1.4956
985 0	1.4855
986 0	1.5037
987 0	1.5100
988 0	1.4734
989 0	1.6017
990 0	1.5001
991 0	1.4877
992 0	1.5094
993 0	1.5010
994 0	1.4985
995 0	1.4821
996 0	1.5087
997 0	1.4859
998 0	1.4759
999 0	1.4747

